[gd_scene load_steps=13 format=2]

[ext_resource path="res://ground2.tscn" type="PackedScene" id=1]
[ext_resource path="res://grass-bush.tscn" type="PackedScene" id=2]
[ext_resource path="res://fonts/8-bit-operator/8bitOperatorPlus8-Regular.ttf" type="DynamicFontData" id=3]
[ext_resource path="res://low-poly-house-attempt-1.tscn" type="PackedScene" id=4]
[ext_resource path="res://tree.tscn" type="PackedScene" id=5]
[ext_resource path="res://DirectionalLight.tscn" type="PackedScene" id=6]
[ext_resource path="res://script-Camera.gd" type="Script" id=7]
[ext_resource path="res://road-add.tscn" type="PackedScene" id=8]
[ext_resource path="res://road-remove.tscn" type="PackedScene" id=9]
[ext_resource path="res://script-game.gd" type="Script" id=11]
[ext_resource path="res://road-block.tscn" type="PackedScene" id=12]

[sub_resource type="DynamicFont" id=1]
size = 23
outline_color = Color( 0.415686, 0.321569, 0.321569, 1 )
font_data = ExtResource( 3 )

[node name="game" type="Spatial"]
script = ExtResource( 11 )

[node name="Camera" type="Camera" parent="."]
transform = Transform( 1, 0, 0, 0, 1, 0, 0, 0, 1, 0, 5, 0 )
current = true
script = ExtResource( 7 )

[node name="ground2" parent="." instance=ExtResource( 1 )]

[node name="ground3" parent="." instance=ExtResource( 1 )]
transform = Transform( 1, 0, 0, 0, 1, 0, 0, 0, 1, 20, 0, 0 )

[node name="ground6" parent="." instance=ExtResource( 1 )]
transform = Transform( 1, 0, 0, 0, 1, 0, 0, 0, 1, 20, 0, -20 )

[node name="ground7" parent="." instance=ExtResource( 1 )]
transform = Transform( 1, 0, 0, 0, 1, 0, 0, 0, 1, 0, 0, -20 )

[node name="ground8" parent="." instance=ExtResource( 1 )]
transform = Transform( 1, 0, 0, 0, 1, 0, 0, 0, 1, -19, 0, -20 )

[node name="ground9" parent="." instance=ExtResource( 1 )]
transform = Transform( 1, 0, 0, 0, 1, 0, 0, 0, 1, -19, 0, 0 )

[node name="ground10" parent="." instance=ExtResource( 1 )]
transform = Transform( 1, 0, 0, 0, 1, 0, 0, 0, 1, -19, 0, 20 )

[node name="ground4" parent="." instance=ExtResource( 1 )]
transform = Transform( 1, 0, 0, 0, 1, 0, 0, 0, 1, 0, 0, 20 )

[node name="ground5" parent="." instance=ExtResource( 1 )]
transform = Transform( 1, 0, 0, 0, 1, 0, 0, 0, 1, 20, 0, 20 )

[node name="DirectionalLight" parent="." instance=ExtResource( 6 )]
transform = Transform( -0.965926, 0.210751, -0.150238, 0, 0.580475, 0.814278, 0.258819, 0.786532, -0.560696, 0, 6.43766, 3 )
light_specular = 0.42
shadow_bias = 0.01
directional_shadow_split_1 = 0.0
directional_shadow_split_2 = 0.162
directional_shadow_blend_splits = true
directional_shadow_normal_bias = 0.0
directional_shadow_bias_split_scale = 0.17
directional_shadow_depth_range = 1
directional_shadow_max_distance = 156.2

[node name="tree000" parent="." instance=ExtResource( 5 )]
transform = Transform( 0.0517638, 0, 0.193185, 0, 0.2, 0, -0.193185, 0, 0.0517638, 5, 0.00659752, 0 )

[node name="tree002" parent="." instance=ExtResource( 5 )]
transform = Transform( 0.173205, 0, -0.1, 0, 0.2, 0, 0.1, 0, 0.173205, 5, 0.00659752, 9 )

[node name="tree001" parent="." instance=ExtResource( 5 )]
transform = Transform( 0.196962, 0, -0.0347296, 0, 0.2, 0, 0.0347296, 0, 0.196962, -5, 0, 6 )

[node name="tree003" parent="." instance=ExtResource( 5 )]
transform = Transform( 0.196962, 0, -0.0347296, 0, 0.2, 0, 0.0347296, 0, 0.196962, -4, 0, -10 )

[node name="tree004" parent="." instance=ExtResource( 5 )]
transform = Transform( 0.196962, 0, -0.0347296, 0, 0.2, 0, 0.0347296, 0, 0.196962, 7, 0, -14 )

[node name="grass-global" type="Spatial" parent="."]
transform = Transform( 0.906308, 0, -0.422618, 0, 1, 0, 0.422618, 0, 0.906308, 6.1, 0, 0 )

[node name="grass-bush3" parent="grass-global" instance=ExtResource( 2 )]
transform = Transform( 1, 0, 0, 0, 1, 0, 0, 0, 1, 2.59529, 0.0298214, 4.43643 )

[node name="grass-bush4" parent="grass-global" instance=ExtResource( 2 )]
transform = Transform( 1, 0, 0, 0, 1, 0, 0, 0, 1, 4.13918, 0.0298218, 5.60123 )

[node name="grass-bush5" parent="grass-global" instance=ExtResource( 2 )]
transform = Transform( 1, 0, 0, 0, 1, 0, 0, 0, 1, 4.39296, 0.0298223, 8.65428 )

[node name="grass-bush6" parent="grass-global" instance=ExtResource( 2 )]
transform = Transform( 1, 0, 0, 0, 1, 0, 0, 0, 1, 4.39296, 0.0298223, 8.65428 )

[node name="grass-bush10" parent="grass-global" instance=ExtResource( 2 )]
transform = Transform( 1, 0, 0, 0, 1, 0, 0, 0, 1, 11.5953, 0.0298214, -1.56357 )

[node name="grass-bush9" parent="grass-global" instance=ExtResource( 2 )]
transform = Transform( 1, 0, 0, 0, 1, 0, 0, 0, 1, 13.1392, 0.0298218, -0.39877 )

[node name="grass-bush8" parent="grass-global" instance=ExtResource( 2 )]
transform = Transform( 1, 0, 0, 0, 1, 0, 0, 0, 1, 13.393, 0.0298223, 2.65428 )

[node name="grass-bush7" parent="grass-global" instance=ExtResource( 2 )]
transform = Transform( 1, 0, 0, 0, 1, 0, 0, 0, 1, 13.393, 0.0298223, 2.65428 )

[node name="grass-bush14" parent="grass-global" instance=ExtResource( 2 )]
transform = Transform( 0.5, 0, 0.866025, 0, 1, 0, -0.866025, 0, 0.5, 10.2183, 0.0298214, 7.26931 )

[node name="grass-bush13" parent="grass-global" instance=ExtResource( 2 )]
transform = Transform( 0.5, 0, 0.866025, 0, 1, 0, -0.866025, 0, 0.5, 11.999, 0.0298218, 6.51466 )

[node name="grass-bush12" parent="grass-global" instance=ExtResource( 2 )]
transform = Transform( 0.5, 0, 0.866025, 0, 1, 0, -0.866025, 0, 0.5, 14.7699, 0.0298223, 7.8214 )

[node name="grass-bush11" parent="grass-global" instance=ExtResource( 2 )]
transform = Transform( 0.5, 0, 0.866025, 0, 1, 0, -0.866025, 0, 0.5, 14.7699, 0.0298223, 7.8214 )

[node name="grass-bush18" parent="grass-global" instance=ExtResource( 2 )]
transform = Transform( -0.5, 0, 0.866025, 0, 1, 0, -0.866025, 0, -0.5, 8.44393, 0.0298214, -7.81043 )

[node name="grass-bush17" parent="grass-global" instance=ExtResource( 2 )]
transform = Transform( -0.5, 0, 0.866025, 0, 1, 0, -0.866025, 0, -0.5, 8.68073, 0.0298218, -9.72988 )

[node name="grass-bush16" parent="grass-global" instance=ExtResource( 2 )]
transform = Transform( -0.5, 0, 0.866025, 0, 1, 0, -0.866025, 0, -0.5, 11.1979, 0.0298223, -11.4762 )

[node name="grass-bush15" parent="grass-global" instance=ExtResource( 2 )]
transform = Transform( -0.5, 0, 0.866025, 0, 1, 0, -0.866025, 0, -0.5, 11.1979, 0.0298223, -11.4762 )

[node name="grass-bush22" parent="grass-global" instance=ExtResource( 2 )]
transform = Transform( -0.5, 0, 0.866025, 0, 1, 0, -0.866025, 0, -0.5, 1.44393, 0.0298214, -7.81043 )

[node name="grass-bush21" parent="grass-global" instance=ExtResource( 2 )]
transform = Transform( -0.5, 0, 0.866025, 0, 1, 0, -0.866025, 0, -0.5, 1.68073, 0.0298218, -9.72988 )

[node name="grass-bush20" parent="grass-global" instance=ExtResource( 2 )]
transform = Transform( -0.5, 0, 0.866025, 0, 1, 0, -0.866025, 0, -0.5, 4.19786, 0.0298223, -11.4762 )

[node name="grass-bush19" parent="grass-global" instance=ExtResource( 2 )]
transform = Transform( -0.5, 0, 0.866025, 0, 1, 0, -0.866025, 0, -0.5, 4.19786, 0.0298223, -11.4762 )

[node name="grass-bush26" parent="grass-global" instance=ExtResource( 2 )]
transform = Transform( -0.5, 0, 0.866025, 0, 1, 0, -0.866025, 0, -0.5, -3.55607, 0.0298214, -1.81043 )

[node name="grass-bush25" parent="grass-global" instance=ExtResource( 2 )]
transform = Transform( -0.5, 0, 0.866025, 0, 1, 0, -0.866025, 0, -0.5, -3.31927, 0.0298218, -3.72988 )

[node name="grass-bush24" parent="grass-global" instance=ExtResource( 2 )]
transform = Transform( -0.5, 0, 0.866025, 0, 1, 0, -0.866025, 0, -0.5, -0.802137, 0.0298223, -5.47618 )

[node name="grass-bush23" parent="grass-global" instance=ExtResource( 2 )]
transform = Transform( -0.5, 0, 0.866025, 0, 1, 0, -0.866025, 0, -0.5, -0.802137, 0.0298223, -5.47618 )

[node name="grass-bush" parent="grass-global" instance=ExtResource( 2 )]
transform = Transform( 1, 0, 0, 0, 1, 0, 0, 0, 1, -8.5, 0.0298228, 4 )

[node name="grass-bush2" parent="grass-global" instance=ExtResource( 2 )]
transform = Transform( 1, 0, 0, 0, 1, 0, 0, 0, 1, -8.5535, 0.0298223, 6.77442 )

[node name="low-poly-house-attempt-1" parent="." instance=ExtResource( 4 )]
transform = Transform( -1, 0, -8.74228e-08, 0, 1, 0, 8.74228e-08, 0, -1, -11, 0, 1 )

[node name="road-block" parent="." instance=ExtResource( 12 )]

[node name="road-block2" parent="." instance=ExtResource( 12 )]
transform = Transform( 1, 0, 0, 0, 1, 0, 0, 0, 1, 0, 0, -4 )

[node name="road-block3" parent="." instance=ExtResource( 12 )]
transform = Transform( 1, 0, 0, 0, 1, 0, 0, 0, 1, 0, 0, -8 )

[node name="road-block25" parent="." instance=ExtResource( 12 )]
transform = Transform( 1, 0, 0, 0, 1, 0, 0, 0, 1, 0, 0, 4 )

[node name="road-add" parent="." instance=ExtResource( 8 )]
transform = Transform( 1, 0, 0, 0, 1, 0, 0, 0, 1, 24.5497, -2.86102e-06, 24.3147 )
visible = false

[node name="road-remove" parent="." instance=ExtResource( 9 )]
transform = Transform( 1, 0, 0, 0, 1, 0, 0, 0, 1, 21, 0, 18 )
visible = false

[node name="Label" type="Label" parent="."]
margin_left = 36.0
margin_top = 33.0
margin_right = 292.0
margin_bottom = 87.0
custom_fonts/font = SubResource( 1 )
text = "F1 - save
F2 - load
double click - action"
__meta__ = {
"_edit_use_anchors_": false
}
