[gd_scene load_steps=13 format=2]

[ext_resource path="res://ground2.tscn" type="PackedScene" id=1]
[ext_resource path="res://grass-bush.tscn" type="PackedScene" id=2]
[ext_resource path="res://house.tscn" type="PackedScene" id=3]
[ext_resource path="res://low-poly-house-attempt-1.tscn" type="PackedScene" id=4]
[ext_resource path="res://tree.tscn" type="PackedScene" id=5]
[ext_resource path="res://DirectionalLight.tscn" type="PackedScene" id=6]
[ext_resource path="res://low-poly-road.tscn" type="PackedScene" id=7]
[ext_resource path="res://low-poly-road-x-junction.tscn" type="PackedScene" id=8]
[ext_resource path="res://low-poly-road-r-junction.tscn" type="PackedScene" id=9]
[ext_resource path="res://low-poly-road-t-junction.tscn" type="PackedScene" id=10]
[ext_resource path="res://script-game.gd" type="Script" id=11]
[ext_resource path="res://road-block.tscn" type="PackedScene" id=12]

[node name="game" type="Spatial"]
script = ExtResource( 11 )

[node name="Camera" type="Camera" parent="."]
transform = Transform( -0.5, -0.612373, 0.612373, 0, 0.707107, 0.707107, -0.866026, 0.353553, -0.353553, 8.4201, 9.0298, -4.6032 )

[node name="ground2" parent="." instance=ExtResource( 1 )]

[node name="ground3" parent="." instance=ExtResource( 1 )]
transform = Transform( 1, 0, 0, 0, 1, 0, 0, 0, 1, 20, 0, 0 )

[node name="ground6" parent="." instance=ExtResource( 1 )]
transform = Transform( 1, 0, 0, 0, 1, 0, 0, 0, 1, 20, 0, -20 )

[node name="ground7" parent="." instance=ExtResource( 1 )]
transform = Transform( 1, 0, 0, 0, 1, 0, 0, 0, 1, 0, 0, -20 )

[node name="ground8" parent="." instance=ExtResource( 1 )]
transform = Transform( 1, 0, 0, 0, 1, 0, 0, 0, 1, -19, 0, -20 )

[node name="ground9" parent="." instance=ExtResource( 1 )]
transform = Transform( 1, 0, 0, 0, 1, 0, 0, 0, 1, -19, 0, 0 )

[node name="ground10" parent="." instance=ExtResource( 1 )]
transform = Transform( 1, 0, 0, 0, 1, 0, 0, 0, 1, -19, 0, 20 )

[node name="ground4" parent="." instance=ExtResource( 1 )]
transform = Transform( 1, 0, 0, 0, 1, 0, 0, 0, 1, 0, 0, 20 )

[node name="ground5" parent="." instance=ExtResource( 1 )]
transform = Transform( 1, 0, 0, 0, 1, 0, 0, 0, 1, 20, 0, 20 )

[node name="DirectionalLight" parent="." instance=ExtResource( 6 )]
transform = Transform( -0.965926, 0.210751, -0.150238, 0, 0.580475, 0.814278, 0.258819, 0.786532, -0.560696, 0, 6.43766, 3 )
light_specular = 0.42
shadow_bias = 0.01
directional_shadow_split_1 = 0.0
directional_shadow_split_2 = 0.162
directional_shadow_blend_splits = true
directional_shadow_normal_bias = 0.0
directional_shadow_bias_split_scale = 0.17
directional_shadow_depth_range = 1
directional_shadow_max_distance = 156.2

[node name="house" parent="." instance=ExtResource( 3 )]
transform = Transform( 1, 0, 0, 0, 1, 0, 0, 0, 1, 24.4, 0, 14.9 )

[node name="house2" parent="." instance=ExtResource( 3 )]
transform = Transform( 1, 0, 0, 0, 1, 0, 0, 0, 1, 24.4, 0, 19.9 )

[node name="tree000" parent="." instance=ExtResource( 5 )]
transform = Transform( 0.0517638, 0, 0.193185, 0, 0.2, 0, -0.193185, 0, 0.0517638, 5, 0.00659752, 0 )

[node name="tree002" parent="." instance=ExtResource( 5 )]
transform = Transform( 0.173205, 0, -0.1, 0, 0.2, 0, 0.1, 0, 0.173205, 5, 0.00659752, 9 )

[node name="tree001" parent="." instance=ExtResource( 5 )]
transform = Transform( 0.196962, 0, -0.0347296, 0, 0.2, 0, 0.0347296, 0, 0.196962, -5, 0, 6 )

[node name="tree003" parent="." instance=ExtResource( 5 )]
transform = Transform( 0.196962, 0, -0.0347296, 0, 0.2, 0, 0.0347296, 0, 0.196962, -4, 0, -10 )

[node name="tree004" parent="." instance=ExtResource( 5 )]
transform = Transform( 0.196962, 0, -0.0347296, 0, 0.2, 0, 0.0347296, 0, 0.196962, 7, 0, -14 )

[node name="grass-global" type="Spatial" parent="."]
transform = Transform( 0.906308, 0, -0.422618, 0, 1, 0, 0.422618, 0, 0.906308, 6.1, 0, 0 )

[node name="grass-bush3" parent="grass-global" instance=ExtResource( 2 )]
transform = Transform( 1, 0, 0, 0, 1, 0, 0, 0, 1, 2.59529, 0.0298214, 4.43643 )

[node name="grass-bush4" parent="grass-global" instance=ExtResource( 2 )]
transform = Transform( 1, 0, 0, 0, 1, 0, 0, 0, 1, 4.13918, 0.0298218, 5.60123 )

[node name="grass-bush5" parent="grass-global" instance=ExtResource( 2 )]
transform = Transform( 1, 0, 0, 0, 1, 0, 0, 0, 1, 4.39296, 0.0298223, 8.65428 )

[node name="grass-bush6" parent="grass-global" instance=ExtResource( 2 )]
transform = Transform( 1, 0, 0, 0, 1, 0, 0, 0, 1, 4.39296, 0.0298223, 8.65428 )

[node name="grass-bush10" parent="grass-global" instance=ExtResource( 2 )]
transform = Transform( 1, 0, 0, 0, 1, 0, 0, 0, 1, 11.5953, 0.0298214, -1.56357 )

[node name="grass-bush9" parent="grass-global" instance=ExtResource( 2 )]
transform = Transform( 1, 0, 0, 0, 1, 0, 0, 0, 1, 13.1392, 0.0298218, -0.39877 )

[node name="grass-bush8" parent="grass-global" instance=ExtResource( 2 )]
transform = Transform( 1, 0, 0, 0, 1, 0, 0, 0, 1, 13.393, 0.0298223, 2.65428 )

[node name="grass-bush7" parent="grass-global" instance=ExtResource( 2 )]
transform = Transform( 1, 0, 0, 0, 1, 0, 0, 0, 1, 13.393, 0.0298223, 2.65428 )

[node name="grass-bush14" parent="grass-global" instance=ExtResource( 2 )]
transform = Transform( 0.5, 0, 0.866025, 0, 1, 0, -0.866025, 0, 0.5, 10.2183, 0.0298214, 7.26931 )

[node name="grass-bush13" parent="grass-global" instance=ExtResource( 2 )]
transform = Transform( 0.5, 0, 0.866025, 0, 1, 0, -0.866025, 0, 0.5, 11.999, 0.0298218, 6.51466 )

[node name="grass-bush12" parent="grass-global" instance=ExtResource( 2 )]
transform = Transform( 0.5, 0, 0.866025, 0, 1, 0, -0.866025, 0, 0.5, 14.7699, 0.0298223, 7.8214 )

[node name="grass-bush11" parent="grass-global" instance=ExtResource( 2 )]
transform = Transform( 0.5, 0, 0.866025, 0, 1, 0, -0.866025, 0, 0.5, 14.7699, 0.0298223, 7.8214 )

[node name="grass-bush18" parent="grass-global" instance=ExtResource( 2 )]
transform = Transform( -0.5, 0, 0.866025, 0, 1, 0, -0.866025, 0, -0.5, 8.44393, 0.0298214, -7.81043 )

[node name="grass-bush17" parent="grass-global" instance=ExtResource( 2 )]
transform = Transform( -0.5, 0, 0.866025, 0, 1, 0, -0.866025, 0, -0.5, 8.68073, 0.0298218, -9.72988 )

[node name="grass-bush16" parent="grass-global" instance=ExtResource( 2 )]
transform = Transform( -0.5, 0, 0.866025, 0, 1, 0, -0.866025, 0, -0.5, 11.1979, 0.0298223, -11.4762 )

[node name="grass-bush15" parent="grass-global" instance=ExtResource( 2 )]
transform = Transform( -0.5, 0, 0.866025, 0, 1, 0, -0.866025, 0, -0.5, 11.1979, 0.0298223, -11.4762 )

[node name="grass-bush22" parent="grass-global" instance=ExtResource( 2 )]
transform = Transform( -0.5, 0, 0.866025, 0, 1, 0, -0.866025, 0, -0.5, 1.44393, 0.0298214, -7.81043 )

[node name="grass-bush21" parent="grass-global" instance=ExtResource( 2 )]
transform = Transform( -0.5, 0, 0.866025, 0, 1, 0, -0.866025, 0, -0.5, 1.68073, 0.0298218, -9.72988 )

[node name="grass-bush20" parent="grass-global" instance=ExtResource( 2 )]
transform = Transform( -0.5, 0, 0.866025, 0, 1, 0, -0.866025, 0, -0.5, 4.19786, 0.0298223, -11.4762 )

[node name="grass-bush19" parent="grass-global" instance=ExtResource( 2 )]
transform = Transform( -0.5, 0, 0.866025, 0, 1, 0, -0.866025, 0, -0.5, 4.19786, 0.0298223, -11.4762 )

[node name="grass-bush26" parent="grass-global" instance=ExtResource( 2 )]
transform = Transform( -0.5, 0, 0.866025, 0, 1, 0, -0.866025, 0, -0.5, -3.55607, 0.0298214, -1.81043 )

[node name="grass-bush25" parent="grass-global" instance=ExtResource( 2 )]
transform = Transform( -0.5, 0, 0.866025, 0, 1, 0, -0.866025, 0, -0.5, -3.31927, 0.0298218, -3.72988 )

[node name="grass-bush24" parent="grass-global" instance=ExtResource( 2 )]
transform = Transform( -0.5, 0, 0.866025, 0, 1, 0, -0.866025, 0, -0.5, -0.802137, 0.0298223, -5.47618 )

[node name="grass-bush23" parent="grass-global" instance=ExtResource( 2 )]
transform = Transform( -0.5, 0, 0.866025, 0, 1, 0, -0.866025, 0, -0.5, -0.802137, 0.0298223, -5.47618 )

[node name="grass-bush" parent="grass-global" instance=ExtResource( 2 )]
transform = Transform( 1, 0, 0, 0, 1, 0, 0, 0, 1, -8.5, 0.0298228, 4 )

[node name="grass-bush2" parent="grass-global" instance=ExtResource( 2 )]
transform = Transform( 1, 0, 0, 0, 1, 0, 0, 0, 1, -8.5535, 0.0298223, 6.77442 )

[node name="low-poly-house-attempt-1" parent="." instance=ExtResource( 4 )]
transform = Transform( -1, 0, -8.74228e-08, 0, 1, 0, 8.74228e-08, 0, -1, -11, 0, 1 )
visible = false

[node name="low-poly-road" parent="." instance=ExtResource( 7 )]
transform = Transform( -4.37114e-08, 0, -1, 0, 1, 0, 1, 0, -4.37114e-08, 0, 0, 4 )
visible = false

[node name="low-poly-road2" parent="." instance=ExtResource( 7 )]
transform = Transform( -4.37114e-08, 0, -1, 0, 1, 0, 1, 0, -4.37114e-08, -20, 0, 4 )
visible = false

[node name="low-poly-road3" parent="." instance=ExtResource( 7 )]
transform = Transform( -1, 0, 8.74228e-08, 0, 1, 0, -8.74228e-08, 0, -1, -10, 0, 14 )
visible = false

[node name="low-poly-road6" parent="." instance=ExtResource( 7 )]
transform = Transform( -4.37114e-08, 0, -1, 0, 1, 0, 1, 0, -4.37114e-08, 0, 0, -26 )
visible = false

[node name="low-poly-road5" parent="." instance=ExtResource( 7 )]
transform = Transform( -1, 0, 8.74228e-08, 0, 1, 0, -8.74228e-08, 0, -1, -10, 0, -16 )
visible = false

[node name="low-poly-road4" parent="." instance=ExtResource( 7 )]
transform = Transform( -4.37114e-08, 0, -1, 0, 1, 0, 1, 0, -4.37114e-08, 0, 0, -6 )
visible = false

[node name="low-poly-road7" parent="." instance=ExtResource( 7 )]
transform = Transform( -4.37114e-08, 0, -1, 0, 1, 0, 1, 0, -4.37114e-08, -20, 0, -6 )
visible = false

[node name="low-poly-road-x-junction" parent="." instance=ExtResource( 8 )]
transform = Transform( 1, 0, 0, 0, 1, 0, 0, 0, 1, 0, 0, 14 )
visible = false

[node name="low-poly-road-x-junction2" parent="." instance=ExtResource( 9 )]
transform = Transform( 1, 0, 0, 0, 1, 0, 0, 0, 1, -20, 0, 14 )
visible = false

[node name="low-poly-road-x-junction3" parent="." instance=ExtResource( 10 )]
transform = Transform( -4.37114e-08, 0, -1, 0, 1, 0, 1, 0, -4.37114e-08, -20, 0, -16 )
visible = false

[node name="low-poly-road-x-junction4" parent="." instance=ExtResource( 10 )]
transform = Transform( -1, 0, 8.74228e-08, 0, 1, 0, -8.74228e-08, 0, -1, 0, 0, -16 )
visible = false

[node name="low-poly-road-x-junction5" parent="." instance=ExtResource( 9 )]
transform = Transform( -4.37114e-08, 0, 1, 0, 1, 0, -1, 0, -4.37114e-08, 10, 0, 14 )
visible = false

[node name="road-block" parent="." instance=ExtResource( 12 )]

[node name="road-block2" parent="." instance=ExtResource( 12 )]
transform = Transform( 1, 0, 0, 0, 1, 0, 0, 0, 1, 0, 0, -4 )

[node name="road-block3" parent="." instance=ExtResource( 12 )]
transform = Transform( 1, 0, 0, 0, 1, 0, 0, 0, 1, 0, 0, -8 )

[node name="road-block4" parent="." instance=ExtResource( 12 )]
transform = Transform( 1, 0, 0, 0, 1, 0, 0, 0, 1, 0, 0, -12 )

[node name="road-block5" parent="." instance=ExtResource( 12 )]
transform = Transform( 1, 0, 0, 0, 1, 0, 0, 0, 1, 0, 0, -16 )

[node name="road-block6" parent="." instance=ExtResource( 12 )]
transform = Transform( 1, 0, 0, 0, 1, 0, 0, 0, 1, -4, 0, -16 )

[node name="road-block7" parent="." instance=ExtResource( 12 )]
transform = Transform( 1, 0, 0, 0, 1, 0, 0, 0, 1, -8, 0, -16 )

[node name="road-block8" parent="." instance=ExtResource( 12 )]
transform = Transform( 1, 0, 0, 0, 1, 0, 0, 0, 1, -12, 0, -16 )

[node name="road-block9" parent="." instance=ExtResource( 12 )]
transform = Transform( 1, 0, 0, 0, 1, 0, 0, 0, 1, -16, 0, -16 )

[node name="road-block10" parent="." instance=ExtResource( 12 )]
transform = Transform( 1, 0, 0, 0, 1, 0, 0, 0, 1, -20, 0, -16 )

[node name="road-block11" parent="." instance=ExtResource( 12 )]
transform = Transform( 1, 0, 0, 0, 1, 0, 0, 0, 1, -20, 0, -12 )

[node name="road-block12" parent="." instance=ExtResource( 12 )]
transform = Transform( 1, 0, 0, 0, 1, 0, 0, 0, 1, -20, 0, -8 )

[node name="road-block13" parent="." instance=ExtResource( 12 )]
transform = Transform( 1, 0, 0, 0, 1, 0, 0, 0, 1, -20, 0, -4 )

[node name="road-block14" parent="." instance=ExtResource( 12 )]
transform = Transform( 1, 0, 0, 0, 1, 0, 0, 0, 1, -20, 0, 0 )

[node name="road-block16" parent="." instance=ExtResource( 12 )]
transform = Transform( 1, 0, 0, 0, 1, 0, 0, 0, 1, -20, 0, 4 )

[node name="road-block17" parent="." instance=ExtResource( 12 )]
transform = Transform( 1, 0, 0, 0, 1, 0, 0, 0, 1, -20, 0, 8 )

[node name="road-block18" parent="." instance=ExtResource( 12 )]
transform = Transform( 1, 0, 0, 0, 1, 0, 0, 0, 1, -20, 0, 12 )

[node name="road-block19" parent="." instance=ExtResource( 12 )]
transform = Transform( 1, 0, 0, 0, 1, 0, 0, 0, 1, -20, 0, 16 )

[node name="road-block20" parent="." instance=ExtResource( 12 )]
transform = Transform( 1, 0, 0, 0, 1, 0, 0, 0, 1, -16, 0, 16 )

[node name="road-block21" parent="." instance=ExtResource( 12 )]
transform = Transform( 1, 0, 0, 0, 1, 0, 0, 0, 1, -12, 0, 16 )

[node name="road-block22" parent="." instance=ExtResource( 12 )]
transform = Transform( 1, 0, 0, 0, 1, 0, 0, 0, 1, -8, 0, 16 )

[node name="road-block23" parent="." instance=ExtResource( 12 )]
transform = Transform( 1, 0, 0, 0, 1, 0, 0, 0, 1, 0, 0, 16 )

[node name="road-block28" parent="." instance=ExtResource( 12 )]
transform = Transform( 1, 0, 0, 0, 1, 0, 0, 0, 1, 4, 0, 16 )

[node name="road-block29" parent="." instance=ExtResource( 12 )]
transform = Transform( 1, 0, 0, 0, 1, 0, 0, 0, 1, 8, 0, 16 )

[node name="road-block27" parent="." instance=ExtResource( 12 )]
transform = Transform( 1, 0, 0, 0, 1, 0, 0, 0, 1, 0, 0, 12 )

[node name="road-block25" parent="." instance=ExtResource( 12 )]
transform = Transform( 1, 0, 0, 0, 1, 0, 0, 0, 1, 0, 0, 4 )

[node name="road-block26" parent="." instance=ExtResource( 12 )]
transform = Transform( 1, 0, 0, 0, 1, 0, 0, 0, 1, 0, 0, 8 )

[node name="road-block24" parent="." instance=ExtResource( 12 )]
transform = Transform( 1, 0, 0, 0, 1, 0, 0, 0, 1, -4, 0, 16 )

[node name="road-block15" parent="." instance=ExtResource( 12 )]
transform = Transform( 1, 0, 0, 0, 1, 0, 0, 0, 1, -24, 0, 0 )

[node name="Camera2" type="Camera" parent="."]
transform = Transform( -1.62921e-07, 1, 1.62921e-07, 0, -1.62921e-07, 1, 1, 1.62921e-07, 2.65431e-14, -9, 25, 0 )
current = true
